Star Rating,Fragment,Fragment Total,DGC,DGC Total
1,0,0,0,0
1.5,5,5,1000,1000
2,10,15,2000,3000
2.5,25,40,3000,6000
3,40,80,4000,10000
3.5,60,140,5000,15000
4,70,210,7500,22500
4.5,90,300,7500,30000
5,100,400,7500,37500